0.6276156601836317 0.9093712998106537 0.1074708221355889 0.6519812965891162 0.42155197422572577 0.43853644491396715 0.2812429754993103 0.03853787737556824 0.9650338897201024 0.552163895620018 
0.16169489796008663 0.25560361063030745 0.43088258513987654 0.9980440417617038 0.6641253645122194 0.20207463645304624 0.9966425072446085 0.4299515448514074 0.5796233076603026 0.6696662490544854 
0.9744030265020853 0.06962597879065979 0.9410234161396076 0.3021429263838181 0.3461842603519897 0.19763375855491183 0.3574295758636563 0.7878636457389043 0.08504473035448923 0.5927707596672077 
0.20967075473499974 0.43704063448029196 0.7367948705457312 0.4859540959427925 0.9594051643263901 0.6320228618318202 0.6131768026329635 0.07209062351083817 0.4661905921534534 0.5070803872440026 
0.6045979244579534 0.132198756290257 0.12968991507846528 0.6135792967999718 0.0589815011655046 0.8580993652337255 0.8782824674240127 0.2571014231165616 0.39302506080359156 0.5432803543157633 
0.5107039976235845 0.6549764636876164 0.103133043746373 0.4060787650897014 0.6639385569494864 0.05585906553376707 0.6255173848474878 0.4451133477270328 0.7284380267865705 0.48739653289791385 
0.0584358065872288 0.8919394497809511 0.3608463950517774 0.8536977499476716 0.10426453762671706 0.5221871423094104 0.8547570529501426 0.691227473364232 0.7150782900961684 0.8139827711552602 
0.5216334924006133 0.009914053945015877 0.8326375379713845 0.7012430675712704 0.4068750540204169 0.2956735028727473 0.3021589644399596 0.4594696813043182 0.12011074429797175 0.9312158554901817 
0.5089719214237667 0.08296185182013349 0.29415629396484655 0.003914683854495227 0.5381405283025766 0.36490309323835846 0.20367052613798164 0.7126840609704889 0.6893569141194207 0.7755674693092302 
0.37239921613702875 0.36022207093443837 0.9928884027226887 0.14892987731099494 0.5769957794187252 0.22264287160979834 0.9670874712039393 0.13425369775552987 0.5157598695314469 0.4254348500527372 
